125

2 2
0 1 25
1 0 0

31 23
0 7 29
7 26 -26
11 29 -23
14 25 -20
4 18 14
18 10 6
30 26 -25
11 28 1
10 19 31
4 17 -17
27 15 -1
12 8 5
27 16 -28
30 12 29
14 27 -20
11 30 -5
18 25 -9
28 0 15
29 4 -28
19 21 -18
16 13 17
6 22 30
5 30 26

14 12
0 5 10
4 6 -26
7 11 -21
10 2 22
0 11 10
9 2 -3
2 0 16
1 2 -24
6 1 27
11 10 -18
11 4 -11
1 6 -10

31 31
30 1 12
14 8 21
25 6 0
22 6 -14
8 4 -12
6 0 11
21 15 -4
0 14 26
2 30 22
12 14 -3
10 4 -29
22 1 12
11 30 31
13 18 -22
16 3 -19
22 14 2
22 24 -2
8 2 -2
3 18 -1
29 25 -15
26 20 27
27 26 -1
5 12 6
3 17 -31
4 8 -32
27 9 -16
28 14 21
30 18 29
6 25 0
6 1 14
19 12 0

8 11
2 3 7
2 1 -27
1 4 -31
4 6 -13
2 4 -28
5 1 -28
5 4 11
6 7 -24
7 1 12
5 0 23
3 1 -30

15 30
2 14 27
5 10 27
12 14 -32
0 8 26
11 14 7
3 13 -13
1 12 11
4 9 -26
12 13 -26
5 1 -24
5 6 -14
2 1 16
14 12 -18
10 8 -10
3 7 6
10 0 -23
9 0 9
10 11 -18
6 7 -4
1 13 21
6 3 -24
13 1 -15
3 1 25
6 9 7
4 8 -5
5 2 3
5 13 26
8 11 -8
7 12 18
14 11 -22

29 27
25 21 -14
14 9 21
20 16 11
12 21 17
11 9 -21
27 25 17
13 6 15
7 26 -23
6 1 11
18 16 27
18 6 -23
22 25 -22
12 4 16
21 15 -14
24 22 -24
22 21 19
6 17 -3
4 20 -22
15 14 16
26 0 -4
28 9 0
25 12 -22
2 12 -28
15 16 9
17 13 -16
24 21 0
5 10 -28

22 12
1 16 13
2 18 17
5 11 8
18 3 -25
16 5 8
8 17 -1
16 20 -25
20 10 -27
14 21 30
16 15 23
19 21 6
11 14 -7

29 22
1 7 -26
0 27 12
27 25 -6
7 10 -29
18 17 29
26 24 16
16 27 12
23 3 24
16 25 23
5 0 -27
18 4 -20
10 28 6
15 8 -9
21 12 31
22 0 27
17 9 13
12 4 -9
22 17 -21
5 4 -13
2 8 10
10 23 8
13 4 27

14 25
12 0 20
5 4 -10
3 13 31
5 6 21
10 8 25
0 11 10
2 10 -26
10 2 12
10 4 -2
7 11 -3
11 5 -28
12 11 -26
6 8 -5
6 7 -11
7 1 -1
5 10 22
4 13 8
6 10 7
13 3 -25
7 9 10
5 13 -24
11 9 27
11 2 -19
10 9 -19
7 5 -6

2 1
0 1 13

16 17
11 9 -12
15 4 19
0 5 -32
13 3 4
14 15 -20
7 2 -1
8 15 -19
13 6 -14
6 8 -2
1 6 -12
4 1 11
0 1 -16
12 14 -28
2 3 -5
1 15 -3
5 1 -8
14 2 0

8 10
4 2 22
6 4 12
0 3 3
6 3 25
0 6 -16
3 0 15
0 2 1
7 5 8
5 6 -28
0 5 23

27 31
8 23 -24
21 4 19
9 15 -8
19 14 -21
7 21 26
9 18 16
15 17 7
0 5 26
17 1 19
14 12 -25
20 12 -16
11 0 -17
15 23 6
0 23 19
25 6 29
17 11 14
9 3 -29
26 18 -11
5 16 -16
16 17 -10
3 4 -4
12 3 22
11 21 -19
20 0 25
23 19 -7
24 11 -22
25 4 -27
5 14 -16
2 4 5
7 2 -10
8 6 -20

6 11
2 1 -6
0 4 -24
4 1 -12
4 2 13
0 3 -4
3 5 -16
1 5 22
0 1 -10
4 3 4
1 0 -12
1 4 -7

23 5
15 4 29
14 9 0
6 0 2
18 12 -16
7 19 28

5 11
0 1 -31
0 3 27
0 4 -19
4 2 4
2 4 12
3 1 -25
2 0 -9
1 2 -30
0 2 26
4 3 -10
1 4 -17

23 22
13 14 -2
11 7 -26
19 13 4
2 22 24
19 16 27
4 20 29
2 12 -29
10 9 -16
6 17 19
5 18 -29
3 19 -3
0 22 -15
20 19 18
8 18 25
8 11 22
10 18 1
21 17 -9
0 4 -9
6 20 -11
20 5 18
21 14 28
10 17 -10

28 4
12 5 -30
1 16 1
0 23 27
9 25 29

25 24
15 6 5
13 2 8
13 0 -7
23 4 -16
14 21 -26
2 5 10
24 10 -4
8 9 -28
14 0 -20
4 2 23
6 17 1
22 4 -23
20 11 13
17 24 -11
24 18 2
23 10 26
19 12 -5
2 1 -16
14 8 -22
6 13 -21
19 1 9
13 12 1
16 15 27
5 16 23

26 28
10 17 5
8 20 -11
10 11 -31
7 3 -5
3 7 30
14 7 17
2 19 -7
19 21 13
18 3 -22
7 1 -3
6 17 -11
8 15 14
7 11 29
17 23 9
20 21 -6
7 13 -29
23 0 -14
8 4 7
12 16 18
0 20 -1
16 9 -20
19 7 8
10 15 17
4 17 18
20 3 -8
18 4 17
23 4 -13
4 25 16

19 15
6 13 17
1 12 4
9 8 -11
9 2 14
5 14 9
3 10 -17
10 0 12
15 13 -13
13 0 -10
5 10 -6
15 8 -18
12 2 -22
10 18 4
5 13 27
9 12 -19

16 15
6 12 3
6 3 -31
9 14 -24
12 0 -1
7 10 -6
3 6 17
4 7 9
7 2 -26
9 13 1
2 0 13
5 11 27
11 2 6
1 2 11
12 4 -22
3 0 -31

21 11
9 4 16
17 6 -28
4 5 11
11 16 5
10 3 -29
12 3 17
9 8 13
4 10 12
14 13 8
6 11 -20
19 8 -10

11 21
9 10 3
0 1 23
0 5 -12
1 10 -15
7 3 -24
8 10 20
9 7 25
7 6 4
8 4 -27
10 7 0
4 10 3
9 3 -29
9 5 20
0 7 -19
3 1 20
6 7 22
7 9 11
10 6 -15
4 0 8
4 5 7
3 0 -12

18 26
1 8 -5
9 4 14
1 17 -31
12 6 8
4 13 -27
4 16 -28
10 16 -11
8 11 5
11 9 6
8 2 24
12 10 -26
12 14 -22
11 17 17
2 0 20
13 5 -1
1 12 25
5 12 5
15 5 -31
17 5 -29
12 0 30
9 8 -25
8 12 21
17 1 -17
17 13 -4
13 16 -11
14 8 -11

9 4
4 3 1
3 6 30
1 8 -19
8 5 -19

16 18
6 1 9
14 13 -4
1 6 2
3 4 10
3 11 12
3 1 -28
7 8 -5
12 5 27
4 2 -4
9 2 16
2 10 16
10 5 0
12 14 -17
3 15 14
9 10 -19
8 5 -9
3 12 -9
7 12 -25

8 26
6 4 -15
7 6 17
0 7 -15
3 0 -10
2 6 -14
1 6 -23
5 7 7
6 2 8
7 3 3
2 0 2
0 5 -18
4 3 17
7 5 11
3 5 6
6 1 -14
5 6 1
2 4 4
7 2 -2
5 4 6
1 4 -9
5 0 -21
1 2 8
1 3 -13
1 0 -30
0 6 15
5 3 11

16 16
7 0 0
12 1 -3
8 5 -17
15 6 -23
0 4 16
10 11 -23
12 8 4
4 11 9
9 11 -25
4 6 26
9 12 19
12 9 27
7 1 -10
14 15 7
2 1 7
3 13 -28

22 16
10 8 21
16 19 -9
19 20 -6
19 11 8
1 9 19
0 5 14
7 13 5
15 17 -3
20 1 12
15 12 -1
13 10 31
2 10 10
7 3 -10
18 6 29
18 4 4
11 9 -9

24 20
5 17 -26
5 11 -31
5 10 -13
18 14 26
4 21 9
17 5 -4
20 8 2
13 18 -14
17 10 27
4 22 -7
4 1 -27
8 22 -12
5 4 21
10 22 27
8 14 -13
14 12 -6
16 12 28
5 16 -23
23 21 30
18 11 -1

26 21
14 16 5
17 14 1
3 16 23
1 16 30
1 10 30
17 7 9
8 17 -19
22 6 -13
12 10 31
24 5 1
9 3 -18
19 10 -22
12 20 -18
25 6 12
23 7 -18
23 21 23
0 11 13
1 25 -27
20 22 0
20 19 -3
1 19 15

21 4
11 13 -1
2 14 -24
14 2 8
3 5 22

4 6
2 3 27
0 2 -6
1 2 17
0 3 3
3 2 -2
0 1 -26

19 31
10 18 -28
6 4 5
7 2 30
11 0 -27
6 14 -10
6 18 19
18 16 19
10 0 3
15 0 -8
14 4 29
7 15 -13
4 15 -11
4 7 -18
18 11 -4
16 14 -1
5 4 23
3 9 12
5 12 30
1 18 5
2 11 -17
10 6 3
13 18 -19
9 6 2
12 13 -5
2 15 25
11 8 31
14 12 1
0 7 12
14 11 30
17 7 -13
11 17 -29

9 32
3 4 17
6 0 -29
5 7 -3
4 8 -31
3 5 17
5 6 15
0 3 -32
7 8 -30
7 0 -22
1 3 -16
4 6 11
2 7 12
6 4 -19
2 0 30
0 1 -1
1 7 14
5 8 9
7 1 -24
4 2 -9
1 6 2
7 3 -9
3 6 -29
0 4 -1
5 1 3
6 8 13
5 0 4
2 8 -6
8 3 -4
3 8 30
8 4 -12
8 1 16
6 1 -30

24 22
1 16 -22
14 5 12
18 16 -29
23 17 16
11 9 10
3 16 20
6 11 5
2 20 -20
14 19 21
9 5 2
5 3 -5
19 4 -31
19 6 22
3 22 21
3 9 15
3 5 -14
15 18 10
20 16 28
23 2 24
1 18 28
11 15 -3
23 13 0

22 14
11 18 22
0 1 -7
7 19 3
1 2 -19
15 12 23
5 0 3
10 2 -8
21 1 -31
8 11 -17
3 9 29
17 18 25
15 11 27
1 18 22
16 3 -14

11 15
1 2 28
1 7 -32
10 9 -27
3 4 -7
6 2 1
6 4 -17
2 10 -23
8 1 -11
9 5 28
0 7 27
7 1 -11
4 3 -1
9 10 -6
10 2 -16
6 3 -16

14 16
0 12 9
3 13 -25
9 13 3
6 11 -1
7 5 -23
11 6 15
8 3 -5
6 7 -11
12 11 24
1 3 3
12 10 3
0 2 -15
12 3 -7
2 9 31
9 8 2
8 0 -1

6 11
2 0 -7
3 2 6
1 3 -27
4 1 20
3 5 -24
3 0 10
2 5 -14
1 4 8
5 1 -20
0 4 6
4 3 13

33 22
4 22 2
32 26 2
24 20 -24
19 16 -19
31 19 25
28 7 -32
17 27 7
25 3 1
5 27 11
5 4 -6
11 30 -5
16 30 -22
22 12 12
10 17 -20
12 27 -21
7 2 -16
31 13 31
4 2 -13
10 8 -10
16 17 10
15 26 -16
27 17 -25

28 15
14 18 14
9 20 30
13 27 26
0 12 9
24 6 29
22 21 4
7 4 0
26 5 -31
15 7 -18
4 13 -29
23 3 -32
15 9 29
22 16 -21
19 11 3
8 10 22

29 14
28 16 -28
19 7 12
25 27 -12
12 9 17
24 17 30
2 16 -32
28 22 21
16 8 10
18 7 -27
12 0 -23
21 0 11
2 4 -1
7 18 9
27 1 -8

18 5
14 16 -16
11 3 -20
5 15 -31
6 3 -9
9 1 9

30 26
2 23 -23
5 23 -20
2 13 -23
12 18 14
17 6 13
12 1 -29
9 1 9
18 9 -26
6 12 19
17 3 31
13 19 0
0 25 -25
11 10 7
19 23 24
21 20 2
29 10 0
22 20 -14
17 1 1
24 16 25
23 18 11
8 5 -13
11 17 -24
10 2 -8
17 25 28
23 10 -27
14 10 18

17 6
10 3 -13
12 10 -2
0 14 31
16 13 30
13 14 -27
13 15 28

8 9
2 4 12
1 5 23
4 1 26
3 5 11
6 5 12
5 1 6
6 3 31
7 4 4
0 1 10

9 2
8 2 6
1 5 29

15 16
1 5 5
14 7 -21
9 4 -20
14 2 23
10 14 26
11 8 5
4 13 20
12 5 -28
10 5 19
6 12 -23
3 12 26
3 7 -1
5 11 -29
10 13 10
7 3 4
12 10 -2

13 24
11 6 6
8 3 20
7 3 -14
4 5 29
10 9 -30
10 1 1
7 4 2
6 9 -27
12 4 12
0 10 30
11 8 -30
8 5 12
9 7 7
2 9 -32
3 1 17
3 5 27
6 1 15
9 4 2
6 4 -26
10 4 1
6 5 19
5 10 26
11 12 -11
3 7 -15

21 18
20 2 -31
17 20 -6
16 18 -16
3 1 -32
1 14 19
11 12 -17
14 3 7
5 16 5
18 2 -5
20 12 -19
2 13 21
10 6 -18
7 12 -32
0 16 -32
2 12 -4
7 6 27
11 4 13
18 10 30

19 25
9 0 9
16 14 14
12 1 30
5 16 13
18 3 -32
1 12 2
18 13 -16
2 15 4
5 11 -23
0 18 23
2 9 -28
5 7 -17
5 1 -12
2 3 -3
17 1 -7
2 0 30
4 7 26
10 1 -30
16 12 29
5 2 8
8 14 18
6 0 9
18 1 -14
6 4 30
11 10 -4

4 2
3 0 3
0 3 25

17 9
14 1 -11
0 13 16
8 0 31
0 1 -10
9 10 1
15 16 -22
16 14 5
13 14 28
14 12 -17

28 4
6 21 25
27 4 -5
0 26 -3
0 13 -15

18 7
5 15 5
12 11 0
16 12 5
2 4 -19
5 2 -27
13 1 -11
11 1 -19

18 12
2 3 6
1 4 26
11 16 -19
15 14 16
5 0 -14
17 0 -11
16 10 -20
13 3 12
0 16 29
6 11 2
4 3 30
16 8 30

6 14
0 2 21
0 5 -1
1 3 -19
2 4 27
2 3 1
1 2 -15
5 1 -6
4 2 -21
5 2 5
0 4 9
1 5 -22
1 4 18
3 2 -24
0 3 10

17 21
0 2 11
9 6 -32
10 0 13
9 3 -2
6 5 -24
0 7 -4
0 5 27
12 1 31
12 13 -14
2 13 25
9 15 -4
15 0 -8
3 0 20
9 14 -27
9 2 4
15 13 15
8 10 31
0 15 -23
11 15 -2
15 7 25
2 0 2

8 22
1 7 30
2 3 -8
2 7 11
4 2 -13
1 0 -29
4 3 -7
3 6 25
3 5 -3
2 5 -28
7 4 -24
3 4 -20
0 4 -6
4 6 14
3 0 13
4 7 -7
5 1 10
6 3 -12
1 2 31
4 0 -8
7 6 -32
0 1 16
5 6 3

33 1
15 8 -18

25 26
5 11 -28
14 13 -14
21 10 8
6 13 -32
20 2 20
8 11 30
9 18 -32
6 7 -2
23 11 -11
16 12 8
10 13 22
14 18 -14
21 11 18
22 6 15
1 8 -27
6 8 27
9 4 -19
0 1 -22
9 12 5
12 23 -13
18 10 -8
9 17 4
19 11 -28
6 2 -26
15 16 -3
18 17 8

16 8
15 14 -28
1 12 -25
14 11 -4
3 7 9
6 3 -5
11 7 13
5 3 -21
1 8 -14

14 20
6 7 3
11 6 -24
12 8 11
3 0 17
12 6 1
0 1 -14
8 12 -13
2 13 -29
12 2 -11
4 3 -20
0 2 -6
4 8 -15
6 0 27
10 3 -6
4 12 -18
1 0 4
9 12 -4
2 12 -26
1 5 13
13 6 -23

33 27
25 9 -26
23 29 -25
26 16 18
1 27 -9
18 14 -15
14 26 -28
25 27 5
9 19 13
7 32 10
22 31 20
30 13 -31
13 31 -12
11 29 -23
29 25 -5
30 21 -27
19 6 28
28 26 27
17 15 13
27 14 6
4 21 0
7 27 -32
13 22 -15
23 18 -17
17 27 5
25 6 16
21 20 29
8 31 -10

30 28
25 27 8
17 20 10
6 18 3
14 20 3
9 10 -19
3 25 -1
2 0 -10
1 17 9
13 18 -19
18 22 -9
15 24 -1
18 21 -3
16 27 3
16 11 15
13 10 26
11 15 -31
29 17 -2
19 17 24
17 26 25
4 5 -2
25 20 29
8 11 19
29 3 -15
12 24 12
7 14 22
28 10 -2
3 8 13
27 28 -6

24 25
4 18 -11
17 18 -3
0 22 -14
8 0 13
11 6 -3
23 2 28
20 23 28
20 18 7
4 16 1
15 13 6
0 7 21
18 8 22
11 21 -29
7 10 -2
10 19 3
10 23 11
20 14 10
0 3 15
5 0 -22
0 15 -2
1 3 -28
11 0 -10
9 21 18
21 19 28
22 9 30

23 23
17 19 -14
21 18 -23
1 22 -2
19 15 22
15 14 9
0 12 -31
7 13 -30
20 1 2
4 14 9
7 2 -15
2 3 17
4 15 -8
18 19 -28
4 18 -7
20 11 -5
14 18 16
11 18 -1
2 13 -1
19 21 -29
7 17 12
6 2 -15
11 10 19
21 4 -21

11 5
1 4 31
3 4 10
0 4 -23
0 10 28
10 9 26

9 28
4 7 -6
0 8 31
5 1 -16
7 3 -24
0 1 22
5 0 -8
2 5 2
7 5 30
0 2 11
3 0 -15
8 6 -18
3 4 -13
5 3 20
6 8 -2
1 6 -32
4 8 24
7 2 2
3 1 -27
0 7 -7
8 2 20
2 3 -26
7 6 25
0 3 1
6 1 28
7 4 -16
4 3 8
7 0 12
6 2 8

15 7
8 2 20
4 0 -28
13 3 20
7 10 -11
13 8 26
4 7 0
12 3 27

30 31
4 10 -31
9 17 9
22 27 -32
3 24 -23
15 10 0
10 1 -23
18 27 -18
25 8 -30
20 29 -18
26 19 -22
8 3 -21
3 21 15
11 28 28
17 22 -30
8 26 -26
17 19 -24
2 25 -3
13 20 25
26 13 -32
6 0 8
27 9 8
18 6 0
12 27 -19
25 21 -29
28 19 10
26 11 16
14 22 9
27 12 23
23 16 5
1 4 -27
24 6 15

21 9
1 17 -13
16 18 24
8 9 0
8 10 -27
3 4 -22
0 12 -24
18 20 -15
9 11 -26
1 8 -26

26 21
21 25 0
17 19 8
10 24 20
9 3 -4
23 16 -26
8 9 22
0 2 21
9 0 -27
9 6 -11
21 3 -13
12 7 31
11 6 -4
3 10 18
2 4 3
25 8 10
0 1 3
10 25 -22
2 11 -23
20 16 13
16 14 26
23 15 -32

24 9
11 15 23
10 13 -28
22 15 20
5 4 -3
10 11 15
6 18 -6
11 13 3
10 20 -15
22 9 5

31 10
29 9 7
5 12 31
13 22 -15
22 13 17
2 19 16
18 17 -2
16 6 -20
7 14 -15
18 6 -23
17 21 -29

13 25
9 4 -32
0 11 5
10 1 29
11 6 10
6 4 0
5 11 -20
12 6 -14
2 5 -7
8 0 -1
5 8 31
11 3 26
4 11 -8
9 10 -1
5 4 12
4 6 17
8 6 -24
9 3 -19
9 2 -1
1 9 -25
4 5 -3
3 0 -29
3 8 16
8 9 2
1 3 31
8 12 10

31 25
15 18 3
22 28 -3
0 23 -19
30 25 20
12 28 -21
4 0 -5
26 13 8
14 5 1
5 28 -31
17 29 19
10 20 6
4 2 -2
10 11 -9
19 23 16
4 17 30
9 18 19
19 14 -5
17 5 -21
28 25 24
7 1 13
10 18 -14
4 29 5
11 9 -17
27 18 22
7 16 -15

15 32
12 10 -17
0 4 25
0 8 -7
11 14 -5
1 10 25
9 13 -19
1 3 18
14 7 -14
2 9 9
5 6 -30
2 6 7
12 7 -3
8 11 31
14 0 -32
14 8 -21
11 6 -15
1 14 -26
6 13 -20
6 8 -8
8 10 -26
3 8 -30
0 9 13
9 0 -12
7 5 -14
1 8 -15
5 14 29
13 6 -22
1 12 11
11 10 20
2 13 15
5 8 -12
1 2 -9

4 7
3 0 -14
3 2 -22
0 1 8
1 3 18
2 0 21
2 1 -9
0 3 -28

16 28
1 5 18
4 14 -22
15 7 -8
15 5 -3
9 13 -14
2 3 4
15 12 -30
2 4 31
13 3 27
2 0 29
3 14 -8
5 10 -12
7 1 -18
11 5 4
1 12 -12
3 4 -26
1 9 -26
0 12 22
8 12 -24
2 6 20
9 3 2
13 15 10
13 14 -9
11 9 -19
10 12 8
11 2 -25
11 13 -16
12 2 -9

19 27
3 1 -1
5 16 -5
13 4 10
15 16 11
11 18 18
10 14 -6
13 8 -31
12 9 -25
17 12 -15
4 0 30
16 18 -28
15 9 -17
1 7 16
1 9 -27
3 15 21
6 12 3
11 13 7
5 13 15
0 17 9
11 2 -28
8 11 20
12 8 17
18 5 -7
2 4 18
14 18 24
13 6 -31
17 0 6

9 24
3 0 24
5 8 -6
3 5 -25
3 1 -11
1 2 -10
5 7 -16
8 3 -7
2 8 -11
1 3 -14
0 6 -19
5 3 -11
1 7 18
3 2 20
8 6 -8
2 5 10
8 4 -6
3 6 16
0 4 11
0 7 21
7 3 10
7 6 19
7 0 -3
7 8 -25
6 1 -30

14 28
4 12 16
5 11 -26
9 8 -18
8 10 -15
2 5 20
0 7 -28
4 5 5
13 1 -3
8 9 -23
7 11 7
7 5 -14
3 8 20
4 8 21
12 5 23
9 6 -29
13 5 7
9 2 30
13 12 0
0 1 11
9 7 -4
3 11 10
2 13 -14
10 11 31
6 7 20
10 1 29
13 9 6
4 0 -21
7 13 -32

26 25
11 5 -19
6 5 -27
20 14 22
16 6 -3
22 10 -22
4 15 -10
5 17 -12
14 4 23
12 2 24
12 20 11
11 8 30
25 1 21
16 24 -18
14 22 11
1 22 -4
13 16 -19
19 25 17
0 7 -23
7 11 4
10 9 18
18 2 -32
1 9 14
0 3 -31
20 13 -19
20 15 9

25 27
10 0 26
21 19 17
2 6 19
22 2 -23
14 19 3
5 15 4
17 19 22
22 15 -15
16 8 -7
24 14 -5
6 1 4
11 5 -7
1 3 -13
0 8 16
11 1 -19
19 5 12
7 23 5
20 4 -24
6 2 11
11 8 -15
5 7 24
15 7 -3
16 3 16
3 10 -30
21 10 22
7 18 -24
20 15 22

28 2
24 10 -11
21 9 26

29 5
5 0 -23
3 12 2
4 12 12
21 23 24
5 19 -3

12 22
11 7 -23
7 4 -1
9 8 -7
11 10 25
8 5 -28
10 0 -18
3 1 10
7 6 18
0 6 13
5 11 -17
0 2 -15
10 3 8
4 7 26
7 11 -32
2 6 -32
3 7 -19
4 1 -27
3 4 13
8 7 -20
7 1 -25
5 10 -29
3 5 -10

17 6
15 0 -30
1 12 26
0 6 6
11 6 -23
0 4 28
8 15 -22

11 17
7 0 -22
5 3 2
10 0 -9
1 9 29
0 9 25
9 4 -16
7 10 -6
4 9 16
1 4 5
5 4 -21
4 2 26
10 4 23
9 6 -19
6 1 3
5 6 -3
7 2 -8
3 7 -21

15 28
6 11 -4
13 0 -26
14 3 10
9 14 21
14 5 18
13 12 16
12 10 -20
13 9 -17
7 3 25
14 6 -32
13 7 29
6 12 -20
1 8 24
2 8 -30
5 1 -27
11 8 29
1 9 -10
7 1 16
4 5 15
9 3 15
9 5 -15
4 8 5
8 7 3
5 2 4
5 7 -28
14 7 -16
14 13 -25
13 5 1

32 5
22 12 6
25 5 -5
15 1 12
11 19 31
28 24 13

15 9
10 13 22
1 8 5
7 9 -30
8 9 30
6 8 -22
0 6 8
13 0 -31
5 4 -10
2 0 -27

2 2
0 1 -5
1 0 5

15 32
12 10 -17
2 11 -4
5 11 -16
9 6 10
4 5 17
13 4 -21
3 8 25
14 7 -28
14 4 -26
8 1 8
11 5 -20
3 6 28
13 8 8
1 4 9
7 9 7
5 1 -28
13 5 1
4 1 -22
5 2 28
2 7 -3
13 14 26
1 6 -4
5 3 -17
3 14 23
11 13 -25
11 2 21
8 5 -18
10 6 22
2 4 2
6 10 15
6 3 -31
3 2 -27

25 20
18 11 -25
21 6 7
7 21 -6
11 6 -3
17 8 -9
19 3 -30
14 2 29
18 24 20
1 13 -6
18 22 -1
12 6 -21
14 3 11
20 10 -3
8 20 -13
24 13 21
0 2 -26
24 23 -32
1 17 20
20 24 -27
1 7 9

29 25
24 11 30
21 17 -27
18 17 -20
17 13 -28
16 22 4
21 11 22
25 5 -1
24 18 28
4 19 -29
23 17 -28
21 4 -28
26 1 10
24 13 -10
19 8 -21
10 15 -31
16 18 23
10 23 -25
26 8 -1
12 6 2
22 18 11
27 12 -8
2 0 -31
4 28 -2
28 3 17
23 26 -2

41 57
36 18 21
3 20 -20
26 11 19
12 40 -26
2 22 0
31 32 14
14 39 -4
1 28 26
19 39 28
36 22 -9
39 21 7
38 13 28
28 1 -4
17 20 3
9 31 29
28 12 -15
11 6 14
0 6 -24
20 39 10
12 19 31
21 1 -21
1 39 21
26 12 23
39 13 14
32 9 -17
34 3 -26
36 7 27
28 17 -2
40 8 -24
5 30 -12
12 32 -32
9 34 -5
16 26 9
14 10 31
32 10 23
34 19 28
15 35 -27
40 23 -13
30 12 -24
27 0 11
7 2 -13
23 22 -23
26 14 23
3 21 9
27 21 -21
31 27 28
22 20 26
13 8 -27
26 21 -1
27 36 10
8 23 16
1 37 9
25 33 29
28 8 8
24 28 -26
3 28 5
31 30 20

46 9
34 19 10
7 4 -30
42 40 2
17 27 20
39 42 11
8 39 16
36 45 -30
10 7 -15
12 39 23

29 72
21 25 26
28 13 -14
7 17 15
4 18 18
2 12 -12
12 14 -28
16 5 -25
6 19 -5
19 27 -13
13 10 6
23 12 30
6 28 19
13 0 19
28 17 -16
17 7 9
17 23 -31
24 7 -12
6 1 12
20 21 4
1 26 4
3 4 -17
3 26 -15
7 22 19
25 13 11
8 5 -6
5 25 -19
4 6 -31
8 17 9
25 12 23
0 13 22
7 20 -3
4 22 19
24 17 6
23 0 29
3 19 14
10 12 -25
19 28 -25
27 20 23
19 22 -3
19 4 17
28 19 -4
24 27 16
24 3 -16
13 20 -5
10 8 8
5 0 20
25 16 -6
6 17 -31
4 26 -16
2 20 -24
20 18 -10
5 4 7
4 7 -31
2 10 0
15 20 28
15 13 0
7 19 14
5 1 22
17 18 29
1 14 31
25 19 1
12 11 25
3 27 15
5 2 17
20 3 5
8 9 5
25 2 30
8 21 -28
18 25 12
15 23 12
14 10 -14
26 11 -25

51 52
49 47 -17
41 35 26
20 49 1
33 10 26
29 46 -20
47 24 4
12 13 16
37 0 -23
33 35 17
12 23 -5
9 32 -12
15 16 12
33 18 -24
20 30 -12
39 6 23
0 25 -16
8 34 7
6 45 -25
30 40 31
24 19 4
48 32 -2
28 17 -30
32 16 -10
31 32 19
2 39 -6
47 34 -18
1 26 -32
20 25 -2
10 42 -28
43 12 -22
9 24 -32
17 40 -21
40 20 -30
44 36 -25
3 45 10
38 48 18
41 22 5
2 33 -5
4 11 22
31 22 -29
12 21 -24
18 31 16
22 21 -23
19 9 -31
4 9 -5
27 32 13
8 32 27
45 40 30
37 31 25
32 29 -19
30 28 17
0 23 -18

43 73
3 19 -1
37 38 -25
19 7 -19
12 13 -10
13 32 -5
22 40 -19
0 10 28
16 21 30
14 12 31
3 1 6
11 22 18
1 15 -5
9 14 4
12 31 -9
36 12 19
30 2 -13
20 36 -30
14 23 31
19 17 20
35 20 -20
3 36 27
23 7 27
17 30 25
13 37 -21
32 19 19
24 8 -3
4 16 3
27 42 -6
25 7 16
20 25 6
19 29 -14
39 32 -11
4 0 -8
20 8 3
29 40 -7
25 11 3
23 38 28
36 34 14
5 32 -28
11 25 23
20 15 1
2 33 29
15 24 16
39 40 13
20 11 -25
25 13 -19
34 22 22
2 37 -32
5 15 -16
25 0 13
18 40 29
30 6 -24
42 7 -9
21 16 15
40 4 -31
14 35 27
36 20 -8
31 18 17
1 41 -32
36 31 3
10 28 26
28 23 -7
33 17 2
0 4 17
4 36 -24
21 35 -32
34 23 -27
29 27 15
11 39 29
3 39 -6
12 36 -30
8 5 -19
35 4 -26

6 8
4 2 25
2 4 15
2 0 -15
2 1 -27
4 0 28
3 2 6
3 1 -13
5 1 -28

92 161
68 30 29
86 72 -27
74 14 28
14 18 5
79 18 -24
57 88 10
75 36 4
85 21 -29
40 61 12
45 35 17
53 67 12
62 15 -4
76 89 14
24 82 -32
1 7 -10
14 86 24
72 54 -32
41 65 19
43 2 -2
43 53 -28
90 67 4
13 23 -13
70 54 7
23 84 -13
31 43 -24
67 21 8
27 58 13
81 18 27
51 28 19
82 12 9
24 8 -22
9 47 -13
15 41 -22
59 82 -7
63 86 28
75 0 -3
44 75 -21
5 75 10
72 29 28
15 82 7
78 30 25
62 45 16
73 33 -5
84 56 14
78 37 -9
45 31 7
31 65 9
57 86 -22
11 43 -4
89 74 -25
62 70 -31
48 54 -6
57 74 -29
19 50 -19
55 90 15
89 60 -3
38 49 19
58 75 -30
72 28 -1
17 68 -6
89 22 23
72 56 -28
19 75 -8
41 56 -18
77 27 28
27 83 23
63 50 -16
35 61 -27
30 15 -16
24 33 -18
31 15 18
34 44 -1
44 12 18
80 91 -6
27 56 18
50 47 28
1 5 -9
75 18 15
3 29 18
91 80 31
62 43 23
13 90 25
24 40 -23
1 22 -25
38 42 -17
18 61 -12
39 22 15
78 38 -5
46 88 15
48 8 14
71 72 0
63 72 6
77 49 6
10 4 -11
12 49 -20
23 91 -32
31 18 6
16 28 -30
54 87 23
29 65 9
55 14 -6
47 66 -20
5 60 -1
19 68 26
21 91 -8
71 37 -13
34 33 -24
22 11 -10
60 25 -32
13 55 -9
74 70 -11
24 17 -10
67 51 -12
78 48 9
29 33 -25
28 55 -1
22 68 -8
12 33 5
54 73 -5
42 27 3
75 25 6
39 16 -32
75 90 -12
24 18 -21
73 91 13
26 34 10
81 28 -29
2 32 12
42 77 0
68 29 5
17 91 -20
71 81 17
10 1 8
59 77 -22
13 48 1
53 15 22
30 3 3
52 7 15
39 18 4
85 19 -8
81 3 -13
8 42 31
70 36 -3
65 19 29
4 45 7
29 50 -8
59 36 -16
8 27 5
76 37 -20
75 84 8
69 1 27
32 42 -9
30 36 -19
37 59 30
50 5 -8
77 59 -1
71 62 -12
28 2 15
15 46 12
32 47 20
69 10 -13

16 40
8 14 -1
2 12 20
10 15 -26
12 4 -32
2 0 -1
2 6 0
3 2 28
3 13 22
6 11 1
5 8 19
4 11 22
6 8 29
3 9 30
11 6 -15
10 14 -2
6 2 21
5 14 31
6 9 -12
1 12 -24
1 4 -29
9 13 -18
12 13 7
5 6 27
1 11 30
13 6 2
6 3 -16
8 7 15
2 9 15
13 12 6
13 9 20
0 2 -24
6 1 -25
9 4 6
6 0 -25
7 14 -29
4 15 30
3 1 9
1 3 -15
12 11 -31
11 7 -23

83 67
29 67 31
27 5 31
42 73 18
49 74 2
49 53 29
61 17 -11
67 59 -28
3 54 22
57 36 25
52 1 -14
37 11 -5
48 6 19
5 14 -8
46 66 23
50 30 26
57 54 -22
53 31 -9
44 25 19
20 1 -29
73 71 29
41 78 -15
42 7 8
25 10 -22
10 82 26
45 66 31
16 9 -25
8 36 18
13 2 18
74 57 -32
15 33 22
69 43 -26
24 82 -13
63 72 29
39 79 21
41 50 -10
13 57 25
41 4 2
42 59 9
38 31 -25
59 65 -9
6 39 -18
76 45 25
54 37 26
41 68 -6
65 82 29
41 27 24
61 79 -6
22 40 -23
13 31 23
30 9 -22
79 4 -28
26 37 29
18 8 16
17 59 -1
24 81 -32
73 49 -26
76 7 -12
1 23 -32
43 81 -25
5 69 30
15 24 17
47 33 -7
13 74 31
31 6 9
30 24 31
16 35 0
19 62 -7

45 21
1 5 -26
17 26 8
19 24 29
38 11 -1
19 17 -16
40 21 1
31 41 -6
30 6 -4
18 38 -22
31 42 1
17 12 21
21 17 0
13 40 -27
43 8 28
35 36 -21
43 27 -22
0 16 -20
4 31 3
3 28 24
40 31 14
6 8 12

70 42
43 69 -32
1 42 -2
15 42 -6
14 56 6
54 25 11
9 54 -5
21 58 -1
62 49 -16
34 35 8
44 35 0
67 2 -14
8 23 17
64 5 9
54 15 -11
8 5 -11
49 12 0
57 13 4
46 43 28
45 43 -5
36 65 -31
63 42 -5
18 59 -22
45 38 -27
2 24 -5
39 1 -5
62 27 28
65 49 -2
33 32 1
46 26 8
20 65 -15
50 7 2
67 64 -18
4 48 10
2 8 -29
53 9 -9
18 16 14
4 65 -27
48 25 19
16 40 16
40 25 -12
24 56 -16
53 38 -13

100 157
52 31 3
32 7 -24
1 86 -6
11 35 -28
67 68 -6
82 83 -29
75 1 -22
18 73 11
51 23 30
50 35 23
5 3 -16
40 68 -2
68 59 -19
56 3 -22
45 31 8
56 63 -18
8 59 25
44 11 12
24 1 13
68 64 2
59 88 -17
53 15 7
32 98 24
70 40 -24
73 78 -15
10 69 -16
13 86 -19
51 33 -25
50 11 -19
17 3 -11
85 1 0
72 55 16
33 46 -21
35 95 -18
31 49 -27
64 35 16
26 14 -24
6 43 15
43 91 1
29 16 5
12 62 29
72 48 -20
77 55 -25
92 93 -4
69 18 -16
52 75 1
98 95 13
50 27 9
59 15 23
95 31 20
51 72 -19
69 43 16
5 38 -14
39 9 -32
53 89 -8
45 4 14
65 56 -14
2 61 22
55 53 15
79 76 -2
93 36 -20
68 84 18
70 22 2
8 67 29
87 26 -17
94 72 -24
25 43 11
95 92 -5
39 41 -23
71 17 9
32 1 -20
50 56 -23
82 89 29
10 76 -23
48 35 10
37 96 7
4 76 -20
97 27 -6
86 29 10
23 89 -22
23 57 -24
34 33 -26
40 34 19
7 77 19
51 63 -9
13 0 15
58 52 16
30 33 -21
16 53 5
83 2 -9
11 75 19
90 70 -23
13 42 16
52 26 24
96 62 11
47 78 6
11 63 19
34 46 -3
72 45 1
35 63 13
33 48 23
80 85 -23
80 76 31
81 27 -1
66 45 7
98 13 -11
0 17 -27
73 9 24
41 0 -15
21 41 13
21 80 -15
62 63 -11
42 6 28
73 40 29
87 80 -12
64 0 -7
15 19 18
76 88 -21
12 38 -22
62 54 -13
29 88 -24
88 68 29
6 24 13
70 3 24
78 37 -22
49 6 13
55 61 5
61 70 30
22 90 -20
81 10 -26
91 88 -2
99 65 6
49 77 16
2 46 17
35 22 8
42 45 19
25 52 -5
42 12 -22
44 85 -32
54 96 -26
83 3 3
44 37 21
41 80 23
62 84 -5
6 88 23
18 0 -4
64 14 -27
83 70 15
66 18 -29
68 11 10
14 10 20
71 76 -26
18 29 28
68 88 0
9 84 17
4 44 21
60 71 -14

36 130
27 17 -1
31 29 -23
26 4 17
1 0 5
21 4 -7
6 0 13
32 5 30
35 30 -20
15 26 25
30 27 -10
16 0 19
20 33 -7
31 6 2
32 1 -24
10 8 -23
30 9 10
35 25 -18
24 9 31
11 4 -5
32 31 27
2 27 -32
0 34 -2
0 10 -23
20 30 14
28 19 -8
3 16 19
10 14 19
2 22 -13
31 4 -18
17 31 -7
30 33 12
34 30 -14
2 6 11
22 6 -28
23 12 2
18 25 -8
31 13 12
33 12 -18
15 8 28
22 29 12
35 5 3
23 1 -25
2 26 -16
20 0 21
18 15 -18
33 31 -20
12 28 -18
34 15 -7
0 14 -21
2 3 9
1 20 -27
14 1 -26
16 32 -12
1 13 -13
29 13 23
24 8 -16
19 5 21
22 2 18
7 3 -25
17 21 10
6 33 -14
13 7 -4
19 23 -23
18 24 -15
10 1 1
35 33 -18
9 6 21
23 26 -22
28 10 -10
27 5 -26
8 26 11
32 26 -5
21 7 -29
33 20 4
6 22 -9
1 9 -21
10 29 -11
15 1 -25
6 3 -26
25 3 21
8 10 -6
10 5 -22
13 16 23
23 9 4
5 17 -6
25 13 23
10 35 28
15 16 -24
9 26 16
33 16 21
31 3 25
34 18 -29
21 19 24
27 10 -25
32 17 -19
9 27 -1
3 18 29
22 0 -3
23 17 24
31 1 -14
30 32 25
4 21 24
17 0 27
18 7 -20
9 22 8
13 11 22
34 0 -29
34 9 -2
15 28 27
3 19 8
28 1 31
12 26 -11
13 1 11
17 27 21
5 31 17
11 25 6
21 5 8
32 25 5
2 9 -24
3 31 -23
12 10 26
21 32 10
24 12 29
33 10 20
2 14 -32
5 14 -26
30 24 -29
4 33 12
30 16 -1
8 29 -6

97 67
76 31 -17
49 93 2
53 1 2
51 16 -31
75 26 -13
70 20 -21
30 38 11
28 38 29
49 38 -21
61 32 2
90 18 8
84 75 -4
75 62 18
96 79 14
82 29 18
90 45 13
46 42 30
20 41 12
47 13 -24
63 34 9
57 72 30
37 56 -16
20 53 6
89 14 -9
71 69 -24
72 91 12
66 22 6
21 63 -8
32 78 -1
66 3 0
12 86 28
11 5 -13
24 16 -10
83 13 23
28 73 12
11 66 -21
28 79 -21
82 85 -32
53 20 5
40 61 -16
33 15 -7
12 19 31
66 40 -26
12 11 23
64 41 -11
77 80 -26
96 64 -10
82 70 -27
29 49 -25
19 72 -19
47 86 11
59 90 -16
20 57 25
4 31 -27
88 34 -6
40 8 -21
9 69 -29
22 29 26
82 3 31
71 44 -18
56 76 -25
95 55 15
84 6 -11
60 76 21
5 39 -20
30 54 -2
28 58 9

43 82
11 17 -16
4 38 -22
20 1 -11
1 27 -21
13 20 -23
22 7 -25
9 3 -27
7 29 -28
3 18 21
26 7 -18
16 4 -2
2 9 2
20 8 -15
19 42 -11
41 28 16
36 6 -28
29 31 -14
29 13 15
5 2 -30
27 7 15
25 4 -2
25 1 11
36 16 -4
30 29 6
17 16 1
37 3 14
28 34 -17
24 4 29
29 7 -25
19 3 -19
24 12 -4
13 3 19
40 22 25
28 26 15
8 5 -9
15 24 -11
23 36 -11
19 34 -3
34 0 23
20 4 29
5 17 -20
9 25 8
27 9 4
18 35 21
11 41 -28
34 22 -32
6 17 -16
17 26 -15
33 22 -24
3 42 -9
1 22 -19
4 19 -23
9 7 17
28 35 18
12 26 4
19 30 15
29 9 20
10 32 -29
33 12 -2
2 30 -24
25 11 -8
18 3 15
36 31 1
32 12 16
2 18 -20
21 4 -21
33 32 -16
26 28 22
0 22 21
0 29 12
41 10 7
17 11 20
12 17 15
5 20 -11
24 31 -19
13 42 29
21 5 10
36 13 16
0 26 3
20 17 -32
20 24 -13
4 17 9

12 30
11 5 25
7 9 23
3 5 -23
8 10 21
1 0 12
7 8 -7
5 4 25
3 4 -32
2 0 8
9 8 14
8 6 14
10 5 16
4 10 -4
0 10 -17
4 6 -25
0 11 -4
4 2 -13
10 2 -29
9 6 24
0 7 28
1 9 2
11 1 25
1 10 -8
2 1 -2
8 4 -10
5 1 -7
5 8 17
10 3 26
7 5 6
3 7 27

71 173
47 1 22
6 51 26
5 21 -27
66 15 -7
19 12 20
9 46 -4
44 58 6
29 7 -18
69 36 5
35 5 27
32 40 29
43 27 -29
23 62 26
7 64 10
10 51 -24
16 70 -6
57 46 -9
37 21 -5
19 29 -26
11 62 18
11 65 -11
36 18 -5
63 6 -31
5 9 25
43 22 -17
63 40 -30
22 11 18
10 64 5
28 21 3
66 64 28
6 19 8
36 11 17
69 8 15
23 61 -22
64 5 1
53 34 2
23 10 -25
44 49 -26
70 51 -31
59 66 -17
14 57 -8
51 69 -21
6 44 24
19 59 17
39 2 13
28 44 -24
56 58 -9
54 45 23
60 68 -21
14 61 -30
65 53 -14
4 55 25
49 46 -24
23 33 5
37 5 17
51 59 7
11 38 17
26 56 4
53 51 27
1 17 4
49 10 -10
62 2 7
27 59 -18
22 38 -26
46 34 -26
44 1 20
44 57 4
21 45 -30
17 70 12
33 39 -28
51 60 -6
61 34 20
57 36 -16
56 62 -7
17 30 -19
61 38 7
9 7 -26
21 42 9
67 33 11
3 57 28
31 60 -30
20 48 -28
23 37 -3
54 13 -7
55 63 -31
59 6 -16
27 55 12
50 30 -17
35 10 18
42 55 -22
59 65 6
11 42 14
44 67 -28
69 32 -16
58 25 -7
43 37 -1
27 38 -2
51 30 16
12 70 23
10 24 -29
47 55 30
5 45 21
12 63 -8
52 16 -26
62 8 -6
1 43 0
46 44 -5
31 56 11
21 38 -32
41 26 15
60 54 15
44 41 12
10 66 -9
62 42 -27
36 37 7
22 67 -4
31 3 5
42 1 21
16 62 -16
28 20 0
41 69 -3
46 32 -27
30 11 -26
65 12 3
0 25 16
54 42 5
57 30 -14
59 45 -5
0 29 -22
61 46 -13
22 21 -4
56 47 23
55 56 -21
62 70 -1
48 8 29
26 68 -16
61 26 5
18 52 -26
11 0 1
36 67 -22
61 51 -16
63 12 5
68 65 26
52 55 16
45 13 15
2 38 -4
38 10 26
41 51 16
13 11 6
36 65 -17
68 33 28
64 9 -12
33 69 -31
24 35 8
50 63 18
17 51 26
20 30 -13
6 56 0
45 3 -16
59 70 -25
49 21 -10
24 2 -26
37 3 -28
45 54 4
41 65 10
12 47 25
17 18 -25
50 5 31
8 59 -26
23 32 31
5 20 18
49 50 -16
6 50 6

38 134
20 29 8
33 24 -28
17 29 -6
15 1 24
14 27 4
26 12 30
28 23 22
1 31 0
16 17 -29
15 19 27
21 10 -19
17 37 14
2 32 10
30 6 -19
29 2 -7
12 1 -26
29 18 17
10 34 5
10 0 24
10 30 -32
5 33 19
11 13 -20
3 31 -6
0 25 -11
7 11 -8
28 12 22
18 24 -17
34 3 -18
20 13 -11
7 35 17
13 10 25
10 16 12
18 11 23
37 9 6
21 22 24
13 15 -1
24 23 -8
17 31 31
22 8 -27
26 32 25
28 22 -9
17 5 -3
35 0 -27
2 11 -16
21 4 -28
15 16 -30
31 37 7
20 19 17
14 26 -13
5 31 15
12 2 8
33 30 3
17 32 29
1 32 6
30 19 13
9 28 -24
13 19 -22
21 0 -1
23 12 23
23 36 15
22 11 -30
37 31 7
25 7 -18
22 12 8
35 28 -28
8 16 -18
37 24 -23
20 2 26
29 6 4
13 20 -13
3 10 13
3 33 -22
2 0 17
28 1 -12
36 11 -7
33 6 -21
12 24 6
11 16 -22
28 10 2
12 19 16
37 14 22
0 6 -8
25 15 0
28 20 17
13 2 30
28 3 -27
13 18 29
15 25 9
19 30 -6
10 36 29
0 13 4
37 28 9
29 28 3
24 19 6
19 0 -30
13 34 -5
9 3 7
12 22 5
3 23 17
23 11 11
23 33 -17
19 1 31
11 0 2
3 16 -21
33 12 31
30 7 22
19 11 -3
9 5 29
14 32 -11
26 11 -16
20 0 27
23 2 -22
31 18 -3
13 1 -16
32 13 23
37 10 0
33 10 4
10 22 22
22 4 19
20 28 4
31 11 -4
11 27 -28
4 35 21
19 26 18
1 24 -17
8 2 25
32 1 -23
26 2 -24
33 27 -12
25 5 -6
14 1 3
30 28 -8
13 32 8
2 37 -31

82 115
10 0 -4
1 18 0
27 18 0
33 53 -10
79 40 31
25 74 22
53 23 -8
74 15 1
24 25 -15
54 78 30
52 1 -15
42 6 -27
18 41 30
14 45 13
72 67 -24
70 64 -23
8 12 -4
57 64 29
6 29 -3
12 50 -15
49 32 27
46 63 -25
51 36 -6
14 39 28
61 24 -32
7 38 28
38 13 -23
22 50 -17
42 72 21
70 7 -4
74 39 -6
19 6 24
30 0 -14
36 37 -15
46 76 -29
32 71 -24
51 75 -20
60 39 17
32 53 -23
46 51 -14
54 76 23
34 11 17
42 1 -32
20 76 23
9 71 19
35 70 -29
24 69 -28
67 11 27
20 19 6
59 26 -2
64 51 -13
10 52 -4
24 41 0
65 67 6
5 23 14
52 72 10
31 74 1
25 8 13
36 7 -12
38 46 7
19 64 -23
12 3 3
21 17 -21
37 75 -6
57 68 22
23 2 -3
63 59 -23
12 20 11
33 31 6
33 47 -17
44 56 13
15 81 10
44 74 23
44 70 -7
78 25 3
29 8 -30
26 64 -6
57 59 19
10 21 1
43 25 9
78 6 5
20 42 -9
39 17 1
5 70 29
62 33 23
16 39 -25
51 26 -8
15 12 -6
5 13 -16
62 25 -18
77 19 -14
55 2 27
64 37 -7
11 80 14
64 62 -9
71 81 -1
33 76 29
27 13 -20
50 23 7
28 6 30
40 39 -10
33 22 14
35 22 1
20 68 28
20 47 -18
0 70 18
81 24 8
58 27 -3
74 16 22
28 25 29
14 63 -18
24 34 -30
8 44 -22
14 8 -20
48 15 -20

25 84
15 20 -3
0 9 -3
16 0 -18
2 24 -8
13 17 -17
11 4 23
13 6 3
20 13 10
24 11 -26
9 24 -19
1 3 -13
15 4 13
16 3 -15
5 4 7
11 20 -26
21 22 24
9 18 -2
14 19 30
9 22 7
4 19 -13
18 15 -30
16 5 22
20 14 -30
2 6 22
21 8 -11
24 1 1
12 4 8
24 7 31
14 17 20
15 14 -10
1 10 22
17 23 -15
13 16 -16
10 8 -3
1 6 22
17 16 24
8 24 -17
13 1 23
23 17 18
22 15 16
21 10 -30
8 6 4
22 9 -13
23 15 -13
4 1 -27
2 21 19
24 10 -27
17 19 17
17 7 -32
10 19 -32
18 1 25
17 4 16
7 21 8
8 12 -17
20 7 -14
5 12 11
17 22 27
11 2 5
8 22 -10
16 17 -2
7 2 -31
9 13 17
4 5 27
7 0 4
2 11 -18
8 13 -22
19 23 -22
10 20 17
20 11 20
6 7 -32
2 17 -18
8 4 22
8 7 22
1 18 25
23 22 3
2 10 15
13 24 30
19 21 13
18 21 31
10 15 -16
19 16 24
20 19 18
22 23 -22
23 10 7

58 144
22 56 -16
48 47 -16
25 10 6
14 48 -1
7 17 -4
44 54 -27
57 35 7
36 39 2
6 50 -17
52 46 22
22 19 19
56 36 -22
4 55 -15
26 48 -22
7 18 4
14 35 13
17 13 17
51 11 -12
7 15 7
3 55 13
0 7 -3
21 27 1
47 21 16
50 54 -10
54 9 2
45 47 -10
41 44 19
6 45 -23
10 7 -16
49 23 11
33 30 -1
45 25 -25
30 41 -20
56 9 0
3 40 23
8 9 -11
47 10 -26
39 38 -6
55 15 -17
57 43 -5
31 29 -7
3 22 -31
55 6 25
20 55 -14
43 2 -12
54 24 -9
7 44 -2
57 56 -29
23 30 1
16 26 -12
47 5 3
49 2 21
37 34 -6
14 25 16
22 13 22
14 21 -10
21 37 -14
5 37 -16
5 52 -22
41 47 0
29 20 -16
25 43 -1
23 39 -3
0 47 10
23 56 24
3 0 -8
7 49 -31
33 14 -7
48 21 -22
21 38 29
7 16 -4
48 57 -31
17 5 12
36 12 -28
42 35 -30
51 9 -26
30 33 -32
12 44 -10
32 11 -22
1 22 -26
15 17 22
7 19 -18
23 48 12
9 46 -17
5 6 20
37 0 -30
30 40 9
53 49 22
22 10 -25
53 21 24
46 18 -2
12 47 -1
55 9 27
45 35 -7
44 9 -11
25 40 18
25 39 16
26 20 29
56 7 9
0 2 10
13 47 13
6 51 31
8 51 -19
39 33 -31
31 6 20
14 50 -25
20 12 5
29 12 -23
22 43 -30
35 29 18
26 44 31
6 7 -20
18 30 30
15 32 19
8 35 -8
52 38 -31
51 16 21
31 20 -5
32 49 -16
20 31 -1
13 30 -7
38 29 -17
10 38 -26
13 4 9
26 56 24
35 50 9
19 2 -12
21 31 -10
56 0 27
55 54 24
32 8 -7
29 44 20
52 40 16
50 27 -12
33 17 15
50 36 12
33 48 11
30 55 5
43 14 -16
32 6 22
21 23 20
5 15 -6
29 42 -23
6 0 11

33 32
18 19 4
3 20 -20
1 7 -14
14 21 27
29 14 -9
14 13 17
4 6 5
3 5 -16
7 22 -3
26 10 -26
29 28 6
15 8 1
20 11 6
19 0 28
11 21 26
12 15 14
25 19 19
29 17 6
31 23 21
18 11 -26
9 4 24
16 26 -14
17 26 17
18 27 -7
25 5 -26
30 0 4
20 26 29
10 8 9
12 14 3
26 25 2
31 32 -4
23 9 26

6 15
3 4 -6
4 2 -17
3 2 -22
2 3 2
5 2 -17
2 5 31
1 4 -18
0 2 24
4 0 22
0 5 5
1 0 -23
4 1 20
1 2 -12
5 0 2
1 3 24

43 140
29 11 6
30 18 -8
38 42 -17
11 33 -23
6 30 -16
31 10 -14
12 3 -28
40 19 -5
40 27 -2
1 27 6
25 39 -5
0 28 2
17 6 13
29 5 17
8 33 -5
12 40 12
21 9 7
12 22 9
7 30 -3
18 7 25
26 35 12
24 12 6
7 32 19
20 11 -6
22 41 -2
4 34 16
39 3 13
9 14 -5
30 35 -25
22 11 16
31 21 -21
16 8 -8
2 38 -7
27 41 -26
21 23 29
5 30 2
10 35 -9
10 32 -31
0 33 14
39 17 -2
23 26 -31
8 16 -25
20 30 -8
2 42 -24
42 40 5
3 2 -19
36 37 -8
8 41 -11
27 31 25
33 35 -18
20 10 -20
40 22 -26
9 39 0
6 12 9
5 35 -7
24 5 10
42 8 19
36 24 3
36 13 15
23 33 5
25 32 -20
34 23 -9
25 31 4
4 6 18
5 38 -4
4 33 -1
21 32 -13
9 37 6
5 26 -32
13 31 -17
36 12 -29
11 42 -25
23 22 10
25 18 27
23 31 -25
19 20 21
39 32 12
32 8 14
38 16 17
41 27 19
39 14 10
17 21 7
15 33 -22
4 35 -15
30 36 18
32 19 24
37 20 -3
10 36 -7
38 41 29
9 5 -29
11 16 -1
0 8 -19
10 23 -19
39 34 -1
9 34 -28
17 11 13
3 4 -23
10 4 17
29 14 1
3 21 24
28 5 23
4 17 -22
8 5 -14
29 17 10
40 32 3
13 6 5
18 30 -10
40 39 -29
23 36 -28
32 31 -12
9 18 -14
26 6 26
34 29 -19
23 10 -10
42 33 -14
5 32 -15
39 28 -13
7 28 -27
9 16 -31
16 27 -21
24 0 -27
20 4 -2
16 19 23
0 21 -1
26 39 9
41 25 -21
36 0 -10
18 1 8
23 0 27
31 35 -15
35 4 -15
22 35 26
17 5 26
2 7 26
24 27 18
21 17 -32
17 9 5
33 29 8
12 8 -6
11 0 -4

11 37
2 3 -27
8 1 -11
10 9 1
6 3 -22
9 4 -20
9 5 31
1 3 31
7 2 -17
3 4 1
8 10 -10
7 5 12
0 5 26
6 9 3
5 7 0
2 6 -31
3 9 0
6 5 11
9 1 21
2 5 9
0 10 -17
3 0 -11
2 7 -17
10 4 20
5 9 15
0 6 -26
1 2 -8
5 2 9
4 9 -19
0 4 -26
1 9 -6
10 1 17
1 4 18
4 10 -26
5 0 -14
7 1 -28
10 6 -22
4 2 14
